%YAML:1.0

cam0:
  T_cam_imu:
    - [-0.006063532176144445, -0.9999505295708876, -0.007884921588129866, -0.01524218382397658]
    - [-0.9999811590170061, 0.006055797474662624, 0.0010044540565654248, 0.01814004967651823]
    - [-0.0009566548775509129, 0.007890863567947756, -0.9999684090428047, -0.003577311629924743]
    - [0.0, 0.0, 0.0, 1.0]
  cam_overlaps: []
  camera_model: pinhole
  distortion_coeffs: [0.09708088672986548, -0.1239681334123083, 0.0007252678897896622, -0.0011050628113649548]
  distortion_model: radtan
  intrinsics: [496.9221841793908, 496.67218249523825, 320.13043105863295, 241.12304842660265]
  resolution: [640, 480]
  rostopic: /cam0/image_raw
  timeshift_cam_imu: 0.01908168574825845
